new room:
(0;0)
2024 1475 2957 2963
escapes:
1 933 0 1
3 311 311 4
obstackles:
2024 2793 2335 2963
2655 2793 2966 2963
new room:
(0;1)
1405 1160 3580 1475
escapes:
3 933 620 0
3 311 0 2
3 311 1865 3
1 125 10 5
4 260 10 7
1 200 980 14
1 130 1890 15
new room:
(0;2)
1405 1475 1718 2795
escapes:
1 311 0 1
3 130 0 9
new room:
(0;3)
3270 1475 3580 2795
escapes:
1 311 0 1
2 130 1005 21
new room:
(0; 4)
2024 2965 2957 4475
escapes:
1 311 311 0
2 625 180 23
4 130 1010 24
3 130 401 25
obstackles:
2380 3170 2600 3734
new room:
(0; 5)
1405 500 1560 1160
escapes:
3 125 10 1
4 120 190 6
2 130 340 12
2 130 170 13
new room:
(0;6)
450 490 1405 1160
escapes:
2 120 190 5
3 130 490 7 
new room:
(0;7)
135 1160 1405 2465
escapes:
1 130 805 6
2 260 10 1
3 470 475 8
new room:
(0;8)
610 2465 1080 2795
escapes:
1 470 0 7
new room:
(0;9)
135 2795 1718 4435
escapes:
1 130 1270 2
1 130 195 10
1 130 945 11
obstackles:
1535 3140 1718 3630
740 3395 1090 3785
630 4115 1375 4435
new room:
(0;10)
245 2550 530 2795
escapes:
3 130 85 9
new room:
(0;11)
1080 2465 1405 2795
escapes:
3 130 0 9
new room:
(0;12)
1560 820 1940 1160
escapes:
4 130 20 9
new room:
(0;13)
1560 500 1940 820
escapes:
4 130 170 5
new room:
(0;14)
2025 835 2955 1160
escapes:
3 200 360 1
obstackles:
2250 835 2400 980
2590 835 2800 995
new room:
(0;15)
2960 500 3580 1160
escapes:
3 130 335 1
2 290 185 16
obstackles:
2960 820 3295 1160
new room:
(0;16)
3580 500 4200 1160
escapes:
4 290 185 15
obstackles:
3850 700 4200 920
3750 1040 4035 1160
new room:
(0;17)
3580 1160 4200 1480
escapes:
3 130 20 19
new room:
(0;18)
4370 1160 4830 1480
escapes:
3 130 165 20
new room:
(0;19)
3580 1930 4200 2140
escapes:
3 130 325 21
1 130 20 17
new room:
(0;20)
4200 1930 4830 2140
escapes:
3 130 185 21
1 130 335 18
new room:
(0;21)
3580 2140 4830 2795
escapes:
4 130 340 3
1 130 325 19
1 130 805 20
3 200 530 22
new room:
(0;22)
3580 2795 4830 4475
escapes:
1 200 530 21
obstackles:
4042 3281 4366 3612
new room:
(0;23)
2955 2795 3580 4475
escapes:
4 625 350 4
new room:
(0;24)
1718 3785 2024 4475
escapes:
2 130 190 4
new room:
(0; 25)
2024 4475 2957 4780
escapes:
1 130 401 4
3 200 366 100
new floor:
new room:
(1;0)
2024 1475 2957 2963
escapes:
1 933 0 1
new room:
(1;1)
160 1165 4840 1475
escapes:
3 933 1864 0
1 130 495 2
1 200 2255 4
1 130 495 2
1 130 3615 6
3 130 45 7
3 130 960 9
3 130 4245 11
new room:
(1;2)
475 510 1260 1165
escapes:
3 130 180 1
2 130 185 3
obstackles:
599 651 806 735
905 860 1144 986
new room:
(1;3)
1260 510 2045 1165
escapes:
4 130 185 2
obstackles:
1556 789 1764 1165
1910 686 2045 973
new room:
(1;4)
2045 510 2975 1165
escapes:
3 200 370 1
obstackles:
2214 993 2333 1163
2692 995 2807 1163
new room:
(1;5)
2975 510 3450 1165
escapes:
2 130 185 6
obstackles:
3114 812 3322 1162
new room:
(1;6)
3450 510 4230 1165
escapes:
3 130 325 1
4 130 185 5
obstackles:
3558 503 3811 695
3947 858 4132 1000
new room:
(1;7)
160 1475 790 2315
escapes:
1 130 45 1
3 130 340 8
new room:
(1;8)
160 2315 790 2800
escapes:
1 130 340 7
obstackles:
160 2525 565 2800
710 2315 790 2650
new room:
(1;9)
790 1475 1730 2150
escapes:
1 130 330 1
3 130 485 10
obstackles:
966 1604 1190 1736
1110 1745 1414 1897
1426 1693 1565 1968
975 1935 1213 2052
new room:
(1;10)
790 2150 1730 2800
escapes:
1 130 485 9
obstackles:
880 2162 2 2
new room:
(1;11)
3920 1475 4840 2800
escapes:
1 130 485 1
obstackles:
880 2162 2 2
end

выходы:стена/ширина/расстояние/комната